3500.000 3459.437
3596.597 3570.302
3693.193 3682.228
3789.790 3795.220
3886.386 3909.287
3982.983 4024.435
4079.580 4140.670
4176.176 4257.999
4272.773 4376.427
4369.369 4495.961
4465.966 4616.606
4562.563 4738.365
4659.159 4861.241
4755.756 4985.239
4852.352 5110.357
4948.949 5236.595
5045.546 5363.951
5142.142 5492.421
5238.739 5621.998
5335.335 5752.672
5431.932 5884.434
5528.529 6017.270
5625.125 6151.163
5721.722 6286.095
5818.318 6422.045
5914.915 6558.989
6011.512 6696.901
6108.108 6835.752
6204.705 6975.511
6301.301 7116.145
6397.898 7257.618
6494.494 7399.892
6591.091 7542.929
6687.688 7686.686
6784.284 7831.122
6880.881 7976.193
6977.477 8121.852
7074.074 8268.055
7170.671 8414.754
7267.267 8561.901
7363.864 8709.448
7460.460 8857.347
7557.057 9005.550
7653.654 9154.007
7750.250 9302.672
7846.847 9451.496
7943.443 9600.431
8040.040 9749.432
8136.637 9898.452
8233.233 10047.446
8329.830 10196.371
8426.426 10345.183
8523.023 10493.841
8619.620 10642.304
8716.216 10790.533
8812.813 10938.490
8909.409 11086.140
9006.006 11233.446
9102.603 11380.376
9199.199 11526.898
9295.796 11672.982
9392.392 11818.599
9488.989 11963.722
9585.586 12108.326
9682.182 12252.387
9778.779 12395.882
9875.375 12538.790
9971.972 12681.094
10068.569 12822.774
10165.165 12963.815
10261.762 13104.203
10358.358 13243.924
10454.955 13382.966
10551.552 13521.320
10648.148 13658.975
10744.745 13795.925
10841.341 13932.163
10937.938 14067.684
11034.535 14202.484
11131.131 14336.560
11227.728 14469.910
11324.324 14602.534
11420.921 14734.432
11517.518 14865.605
11614.114 14996.056
11710.711 15125.788
11807.307 15254.805
11903.904 15383.111
12000.501 15510.712
12097.097 15637.614
12193.694 15763.825
12290.290 15889.351
12386.887 16014.202
12483.483 16138.384
12580.080 16261.909
12676.677 16384.785
12773.273 16507.022
12869.870 16628.631
12966.466 16749.622
13063.063 16870.008
13159.660 16989.799
13256.256 17109.007
13352.853 17227.643
13449.449 17345.721
13546.046 17463.253
13642.643 17580.250
13739.239 17696.726
13835.836 17812.692
13932.432 17928.163
14029.029 18043.150
14125.626 18157.667
14222.222 18271.726
14318.819 18385.340
14415.415 18498.522
14512.012 18611.285
14608.609 18723.640
14705.205 18835.601
14801.802 18947.180
14898.398 19058.390
14994.995 19169.241
15091.592 19279.747
15188.188 19389.919
15284.785 19499.769
15381.381 19609.309
15477.978 19718.548
15574.575 19827.499
15671.171 19936.173
15767.768 20044.579
15864.364 20152.729
15960.961 20260.632
16057.558 20368.299
16154.154 20475.738
16250.751 20582.959
16347.347 20689.972
16443.944 20796.785
16540.541 20903.406
16637.137 21009.845
16733.734 21116.108
16830.330 21222.204
16926.927 21328.140
17023.524 21433.924
17120.120 21539.561
17216.717 21645.059
17313.313 21750.425
17409.910 21855.663
17506.507 21960.780
17603.103 22065.782
17699.700 22170.673
17796.296 22275.458
17892.893 22380.142
17989.489 22484.730
18086.086 22589.225
18182.683 22693.632
18279.279 22797.953
18375.876 22902.193
18472.472 23006.353
18569.069 23110.438
18665.666 23214.449
18762.262 23318.388
18858.859 23422.258
18955.455 23526.061
19052.052 23629.798
19148.649 23733.470
19245.245 23837.078
19341.842 23940.624
19438.438 24044.108
19535.035 24147.530
19631.632 24250.890
19728.228 24354.189
19824.825 24457.426
19921.421 24560.601
20018.018 24663.713
20114.615 24766.762
20211.211 24869.746
20307.808 24972.665
20404.404 25075.516
20501.001 25178.300
20597.598 25281.013
20694.194 25383.654
20790.791 25486.221
20887.387 25588.712
20983.984 25691.125
21080.581 25793.458
21177.177 25895.707
21273.774 25997.871
21370.370 26099.945
21466.967 26201.929
21563.564 26303.817
21660.160 26405.608
21756.757 26507.299
21853.353 26608.885
21949.950 26710.363
22046.547 26811.730
22143.143 26912.983
22239.740 27014.116
22336.336 27115.128
22432.933 27216.014
22529.530 27316.769
22626.126 27417.391
22722.723 27517.874
22819.319 27618.215
22915.916 27718.410
23012.513 27818.455
23109.109 27918.344
23205.706 28018.075
23302.302 28117.642
23398.899 28217.041
23495.495 28316.268
23592.092 28415.318
23688.689 28514.187
23785.285 28612.871
23881.882 28711.364
23978.478 28809.663
24075.075 28907.762
24171.672 29005.658
24268.268 29103.345
24364.865 29200.819
24461.461 29298.076
24558.058 29395.111
24654.655 29491.919
24751.251 29588.496
24847.848 29684.837
24944.444 29780.938
25041.041 29876.794
25137.638 29972.400
25234.234 30067.753
25330.831 30162.848
25427.427 30257.679
25524.024 30352.244
25620.621 30446.537
25717.217 30540.554
25813.814 30634.290
25910.410 30727.742
26007.007 30820.904
26103.604 30913.774
26200.200 31006.346
26296.797 31098.616
26393.393 31190.580
26489.990 31282.235
26586.587 31373.575
26683.183 31464.598
26779.780 31555.298
26876.376 31645.672
26972.973 31735.716
27069.570 31825.427
27166.166 31914.800
27262.763 32003.832
27359.359 32092.518
27455.956 32180.856
27552.553 32268.842
27649.149 32356.472
27745.746 32443.742
27842.342 32530.650
27938.939 32617.192
28035.536 32703.363
28132.132 32789.162
28228.729 32874.585
28325.325 32959.629
28421.922 33044.290
28518.519 33128.566
28615.115 33212.453
28711.712 33295.949
28808.308 33379.051
28904.905 33461.755
29001.502 33544.059
29098.098 33625.961
29194.695 33707.458
29291.291 33788.546
29387.888 33869.224
29484.484 33949.489
29581.081 34029.338
29677.678 34108.770
29774.274 34187.781
29870.871 34266.370
29967.467 34344.535
30064.064 34422.273
30160.661 34499.582
30257.257 34576.460
30353.854 34652.905
30450.450 34728.916
30547.047 34804.490
30643.644 34879.625
30740.240 34954.321
30836.837 35028.574
30933.433 35102.385
31030.030 35175.750
31126.627 35248.669
31223.223 35321.139
31319.820 35393.161
31416.416 35464.731
31513.013 35535.850
31609.610 35606.515
31706.206 35676.726
31802.803 35746.481
31899.399 35815.780
31995.996 35884.621
32092.593 35953.003
32189.189 36020.926
32285.786 36088.388
32382.382 36155.389
32478.979 36221.927
32575.576 36288.004
32672.172 36353.616
32768.769 36418.765
32865.365 36483.448
32961.962 36547.667
33058.559 36611.420
33155.155 36674.707
33251.752 36737.527
33348.348 36799.881
33444.945 36861.768
33541.542 36923.187
33638.138 36984.138
33734.735 37044.622
33831.331 37104.638
33927.928 37164.187
34024.525 37223.267
34121.121 37281.879
34217.718 37340.024
34314.314 37397.701
34410.911 37454.910
34507.508 37511.651
34604.104 37567.926
34700.701 37623.733
34797.297 37679.074
34893.894 37733.948
34990.490 37788.356
35087.087 37842.299
35183.684 37895.777
35280.280 37948.789
35376.877 38001.338
35473.473 38053.423
35570.070 38105.045
35666.667 38156.204
35763.263 38206.902
35859.860 38257.138
35956.456 38306.914
36053.053 38356.231
36149.650 38405.088
36246.246 38453.487
36342.843 38501.429
36439.439 38548.915
36536.036 38595.944
36632.633 38642.520
36729.229 38688.641
36825.826 38734.310
36922.422 38779.527
37019.019 38824.293
37115.616 38868.610
37212.212 38912.478
37308.809 38955.898
37405.405 38998.872
37502.002 39041.401
37598.599 39083.486
37695.195 39125.127
37791.792 39166.327
37888.388 39207.087
37984.985 39247.408
38081.582 39287.290
38178.178 39326.736
38274.775 39365.746
38371.371 39404.323
38467.968 39442.467
38564.565 39480.180
38661.161 39517.462
38757.758 39554.317
38854.354 39590.744
38950.951 39626.746
39047.548 39662.323
39144.144 39697.478
39240.741 39732.212
39337.337 39766.526
39433.934 39800.422
39530.531 39833.902
39627.127 39866.966
39723.724 39899.617
39820.320 39931.856
39916.917 39963.684
40013.514 39995.104
40110.110 40026.117
40206.707 40056.724
40303.303 40086.928
40399.900 40116.729
40496.496 40146.130
40593.093 40175.131
40689.690 40203.736
40786.286 40231.945
40882.883 40259.761
40979.479 40287.184
41076.076 40314.217
41172.673 40340.861
41269.269 40367.118
41365.866 40392.990
41462.462 40418.479
41559.059 40443.586
41655.656 40468.313
41752.252 40492.662
41848.849 40516.634
41945.445 40540.232
42042.042 40563.458
42138.639 40586.312
42235.235 40608.797
42331.832 40630.914
42428.428 40652.666
42525.025 40674.054
42621.622 40695.080
42718.218 40715.746
42814.815 40736.054
42911.411 40756.005
43008.008 40775.602
43104.605 40794.845
43201.201 40813.738
43297.798 40832.281
43394.394 40850.477
43490.991 40868.328
43587.588 40885.835
43684.184 40903.000
43780.781 40919.825
43877.377 40936.312
43973.974 40952.463
44070.571 40968.279
44167.167 40983.763
44263.764 40998.916
44360.360 41013.740
44456.957 41028.238
44553.554 41042.410
44650.150 41056.258
44746.747 41069.786
44843.343 41082.993
44939.940 41095.883
45036.537 41108.457
45133.133 41120.717
45229.730 41132.665
45326.326 41144.302
45422.923 41155.631
45519.520 41166.653
45616.116 41177.370
45712.713 41187.784
45809.309 41197.897
45905.906 41207.710
46002.503 41217.226
46099.099 41226.447
46195.696 41235.373
46292.292 41244.007
46388.889 41252.351
46485.485 41260.406
46582.082 41268.175
46678.679 41275.659
46775.275 41282.860
46871.872 41289.780
46968.468 41296.420
47065.065 41302.783
47161.662 41308.869
47258.258 41314.682
47354.855 41320.222
47451.451 41325.492
47548.048 41330.493
47644.645 41335.227
47741.241 41339.696
47837.838 41343.901
47934.434 41347.845
48031.031 41351.528
48127.628 41354.953
48224.224 41358.122
48320.821 41361.036
48417.417 41363.697
48514.014 41366.106
48610.611 41368.266
48707.207 41370.178
48803.804 41371.844
48900.400 41373.265
48996.997 41374.444
49093.594 41375.381
49190.190 41376.079
49286.787 41376.539
49383.383 41376.763
49479.980 41376.753
49576.577 41376.509
49673.173 41376.035
49769.770 41375.331
49866.366 41374.399
49962.963 41373.241
50059.560 41371.859
50156.156 41370.253
50252.753 41368.426
50349.349 41366.380
50445.946 41364.115
50542.543 41361.634
50639.139 41358.938
50735.736 41356.028
50832.332 41352.907
50928.929 41349.575
51025.526 41346.035
51122.122 41342.287
51218.719 41338.334
51315.315 41334.177
51411.912 41329.818
51508.509 41325.258
51605.105 41320.498
51701.702 41315.540
51798.298 41310.386
51894.895 41305.037
51991.491 41299.494
52088.088 41293.760
52184.685 41287.835
52281.281 41281.722
52377.878 41275.421
52474.474 41268.933
52571.071 41262.262
52667.668 41255.407
52764.264 41248.370
52860.861 41241.153
52957.457 41233.757
53054.054 41226.184
53150.651 41218.435
53247.247 41210.512
53343.844 41202.415
53440.440 41194.146
53537.037 41185.707
53633.634 41177.099
53730.230 41168.323
53826.827 41159.381
53923.423 41150.274
54020.020 41141.004
54116.617 41131.571
54213.213 41121.977
54309.810 41112.224
54406.406 41102.312
54503.003 41092.244
54599.600 41082.020
54696.196 41071.641
54792.793 41061.109
54889.389 41050.426
54985.986 41039.592
55082.583 41028.609
55179.179 41017.478
55275.776 41006.200
55372.372 40994.777
55468.969 40983.210
55565.566 40971.500
55662.162 40959.648
55758.759 40947.655
55855.355 40935.523
55951.952 40923.253
56048.549 40910.847
56145.145 40898.304
56241.742 40885.627
56338.338 40872.817
56434.935 40859.874
56531.532 40846.801
56628.128 40833.598
56724.725 40820.266
56821.321 40806.807
56917.918 40793.221
57014.515 40779.510
57111.111 40765.675
57207.708 40751.717
57304.304 40737.637
57400.901 40723.437
57497.497 40709.116
57594.094 40694.678
57690.691 40680.121
57787.287 40665.449
57883.884 40650.661
57980.480 40635.758
58077.077 40620.743
58173.674 40605.616
58270.270 40590.377
58366.867 40575.028
58463.463 40559.571
58560.060 40544.005
58656.657 40528.332
58753.253 40512.554
58849.850 40496.670
58946.446 40480.683
59043.043 40464.593
59139.640 40448.401
59236.236 40432.107
59332.833 40415.714
59429.429 40399.222
59526.026 40382.632
59622.623 40365.945
59719.219 40349.162
59815.816 40332.283
59912.412 40315.310
60009.009 40298.244
60105.606 40281.086
60202.202 40263.836
60298.799 40246.496
60395.395 40229.066
60491.992 40211.547
60588.589 40193.941
60685.185 40176.247
60781.782 40158.468
60878.378 40140.604
60974.975 40122.655
61071.572 40104.623
61168.168 40086.508
61264.765 40068.312
61361.361 40050.035
61457.958 40031.677
61554.555 40013.241
61651.151 39994.727
61747.748 39976.135
61844.344 39957.466
61940.941 39938.721
62037.538 39919.902
62134.134 39901.008
62230.731 39882.041
62327.327 39863.002
62423.924 39843.890
62520.521 39824.708
62617.117 39805.455
62713.714 39786.133
62810.310 39766.742
62906.907 39747.283
63003.504 39727.757
63100.100 39708.165
63196.697 39688.507
63293.293 39668.784
63389.890 39648.997
63486.486 39629.147
63583.083 39609.233
63679.680 39589.258
63776.276 39569.222
63872.873 39549.124
63969.469 39528.967
64066.066 39508.751
64162.663 39488.477
64259.259 39468.145
64355.856 39447.755
64452.452 39427.309
64549.049 39406.808
64645.646 39386.251
64742.242 39365.641
64838.839 39344.976
64935.435 39324.258
65032.032 39303.488
65128.629 39282.667
65225.225 39261.794
65321.822 39240.871
65418.418 39219.898
65515.015 39198.875
65611.612 39177.804
65708.208 39156.686
65804.805 39135.520
65901.401 39114.307
65997.998 39093.048
66094.595 39071.744
66191.191 39050.394
66287.788 39029.001
66384.384 39007.564
66480.981 38986.083
66577.578 38964.560
66674.174 38942.996
66770.771 38921.389
66867.367 38899.742
66963.964 38878.055
67060.561 38856.328
67157.157 38834.562
67253.754 38812.757
67350.350 38790.915
67446.947 38769.034
67543.544 38747.117
67640.140 38725.164
67736.737 38703.174
67833.333 38681.150
67929.930 38659.090
68026.527 38636.996
68123.123 38614.869
68219.720 38592.708
68316.316 38570.514
68412.913 38548.288
68509.510 38526.031
68606.106 38503.742
68702.703 38481.422
68799.299 38459.072
68895.896 38436.692
68992.492 38414.283
69089.089 38391.845
69185.686 38369.379
69282.282 38346.885
69378.879 38324.364
69475.475 38301.815
69572.072 38279.240
69668.669 38256.639
69765.265 38234.013
69861.862 38211.361
69958.458 38188.685
70055.055 38165.984
70151.652 38143.260
70248.248 38120.512
70344.845 38097.742
70441.441 38074.948
70538.038 38052.133
70634.635 38029.296
70731.231 38006.438
70827.828 37983.559
70924.424 37960.660
71021.021 37937.741
71117.618 37914.802
71214.214 37891.844
71310.811 37868.867
71407.407 37845.872
71504.004 37822.859
71600.601 37799.828
71697.197 37776.780
71793.794 37753.715
71890.390 37730.634
71986.987 37707.536
72083.584 37684.423
72180.180 37661.295
72276.777 37638.151
72373.373 37614.993
72469.970 37591.821
72566.567 37568.635
72663.163 37545.436
72759.760 37522.223
72856.356 37498.997
72952.953 37475.759
73049.550 37452.509
73146.146 37429.248
73242.743 37405.974
73339.339 37382.690
73435.936 37359.395
73532.533 37336.089
73629.129 37312.774
73725.726 37289.448
73822.322 37266.114
73918.919 37242.770
74015.516 37219.417
74112.112 37196.056
74208.709 37172.686
74305.305 37149.309
74401.902 37125.924
74498.498 37102.532
74595.095 37079.133
74691.692 37055.728
74788.288 37032.316
74884.885 37008.898
74981.481 36985.474
75078.078 36962.045
75174.675 36938.610
75271.271 36915.171
75367.868 36891.727
75464.464 36868.279
75561.061 36844.826
75657.658 36821.370
75754.254 36797.911
75850.851 36774.448
75947.447 36750.982
76044.044 36727.514
76140.641 36704.043
76237.237 36680.570
76333.834 36657.095
76430.430 36633.618
76527.027 36610.140
76623.624 36586.661
76720.220 36563.181
76816.817 36539.700
76913.413 36516.219
77010.010 36492.738
77106.607 36469.257
77203.203 36445.776
77299.800 36422.296
77396.396 36398.817
77492.993 36375.338
77589.590 36351.861
77686.186 36328.386
77782.783 36304.912
77879.379 36281.440
77975.976 36257.970
78072.573 36234.503
78169.169 36211.038
78265.766 36187.577
78362.362 36164.118
78458.959 36140.662
78555.556 36117.210
78652.152 36093.762
78748.749 36070.318
78845.345 36046.878
78941.942 36023.442
79038.539 36000.010
79135.135 35976.584
79231.732 35953.162
79328.328 35929.745
79424.925 35906.334
79521.522 35882.928
79618.118 35859.528
79714.715 35836.134
79811.311 35812.746
79907.908 35789.364
80004.505 35765.989
80101.101 35742.620
80197.698 35719.259
80294.294 35695.904
80390.891 35672.556
80487.487 35649.216
80584.084 35625.883
80680.681 35602.558
80777.277 35579.241
80873.874 35555.932
80970.470 35532.631
81067.067 35509.338
81163.664 35486.054
81260.260 35462.779
81356.857 35439.513
81453.453 35416.256
81550.050 35393.007
81646.647 35369.769
81743.243 35346.540
81839.840 35323.320
81936.436 35300.110
82033.033 35276.911
82129.630 35253.721
82226.226 35230.542
82322.823 35207.373
82419.419 35184.215
82516.016 35161.067
82612.613 35137.931
82709.209 35114.805
82805.806 35091.690
82902.402 35068.587
82998.999 35045.495
83095.596 35022.415
83192.192 34999.347
83288.789 34976.290
83385.385 34953.245
83481.982 34930.213
83578.579 34907.192
83675.175 34884.184
83771.772 34861.189
83868.368 34838.206
83964.965 34815.235
84061.562 34792.278
84158.158 34769.334
84254.755 34746.403
84351.351 34723.485
84447.948 34700.580
84544.545 34677.689
84641.141 34654.811
84737.738 34631.947
84834.334 34609.097
84930.931 34586.261
85027.528 34563.439
85124.124 34540.631
85220.721 34517.837
85317.317 34495.057
85413.914 34472.293
85510.511 34449.542
85607.107 34426.807
85703.704 34404.086
85800.300 34381.380
85896.897 34358.689
85993.493 34336.013
86090.090 34313.352
86186.687 34290.707
86283.283 34268.077
86379.880 34245.462
86476.476 34222.863
86573.073 34200.280
86669.670 34177.712
86766.266 34155.161
86862.863 34132.625
86959.459 34110.105
87056.056 34087.602
87152.653 34065.114
87249.249 34042.643
87345.846 34020.189
87442.442 33997.751
87539.039 33975.329
87635.636 33952.924
87732.232 33930.536
87828.829 33908.164
87925.425 33885.810
88022.022 33863.472
88118.619 33841.152
88215.215 33818.849
88311.812 33796.563
88408.408 33774.294
88505.005 33752.042
88601.602 33729.808
88698.198 33707.592
88794.795 33685.393
88891.391 33663.211
88987.988 33641.048
89084.585 33618.902
89181.181 33596.774
89277.778 33574.664
89374.374 33552.572
89470.971 33530.498
89567.568 33508.442
89664.164 33486.404
89760.761 33464.385
89857.357 33442.384
89953.954 33420.401
90050.551 33398.437
90147.147 33376.491
90243.744 33354.564
90340.340 33332.656
90436.937 33310.766
90533.534 33288.895
90630.130 33267.043
90726.727 33245.209
90823.323 33223.395
90919.920 33201.600
91016.517 33179.823
91113.113 33158.066
91209.710 33136.328
91306.306 33114.609
91402.903 33092.909
91499.499 33071.228
91596.096 33049.567
91692.693 33027.925
91789.289 33006.303
91885.886 32984.700
91982.482 32963.117
92079.079 32941.553
92175.676 32920.009
92272.272 32898.485
92368.869 32876.980
92465.465 32855.495
92562.062 32834.030
92658.659 32812.585
92755.255 32791.160
92851.852 32769.754
92948.448 32748.369
93045.045 32727.004
93141.642 32705.658
93238.238 32684.333
93334.835 32663.028
93431.431 32641.743
93528.028 32620.479
93624.625 32599.234
93721.221 32578.010
93817.818 32556.806
93914.414 32535.623
94011.011 32514.460
94107.608 32493.317
94204.204 32472.195
94300.801 32451.094
94397.397 32430.013
94493.994 32408.952
94590.591 32387.912
94687.187 32366.893
94783.784 32345.895
94880.380 32324.917
94976.977 32303.959
95073.574 32283.023
95170.170 32262.107
95266.767 32241.213
95363.363 32220.339
95459.960 32199.485
95556.557 32178.653
95653.153 32157.842
95749.750 32137.051
95846.346 32116.282
95942.943 32095.534
96039.540 32074.806
96136.136 32054.100
96232.733 32033.414
96329.329 32012.750
96425.926 31992.107
96522.523 31971.485
96619.119 31950.884
96715.716 31930.305
96812.312 31909.746
96908.909 31889.209
97005.506 31868.693
97102.102 31848.198
97198.699 31827.725
97295.295 31807.272
97391.892 31786.841
97488.488 31766.432
97585.085 31746.044
97681.682 31725.677
97778.278 31705.331
97874.875 31685.007
97971.471 31664.704
98068.068 31644.423
98164.665 31624.163
98261.261 31603.925
98357.858 31583.708
98454.454 31563.513
98551.051 31543.339
98647.648 31523.186
98744.244 31503.055
98840.841 31482.946
98937.437 31462.858
99034.034 31442.792
99130.631 31422.747
99227.227 31402.724
99323.824 31382.722
99420.420 31362.743
99517.017 31342.784
99613.614 31322.847
99710.210 31302.932
99806.807 31283.039
99903.403 31263.167
100000.000 31243.317
